0.946276 -1.771039 1.000000 
1.669313 -1.326595 1.000000 
1.300377 -1.768292 1.000000 
1.127639 -1.834744 1.000000 
1.903904 -1.335858 1.000000 
2.734466 0.529177 1.000000 
1.198680 -1.428088 1.000000 
2.649857 0.206706 1.000000 
1.245844 -1.430368 1.000000 
1.601962 -0.914037 1.000000 
1.644655 -0.980552 1.000000 
-0.197139 -2.835834 1.000000 
1.842903 -1.099874 1.000000 
1.150926 -1.651262 1.000000 
2.525653 -0.596715 1.000000 
3.026818 0.138401 1.000000 
2.151409 -0.672505 1.000000 
1.544611 -1.528732 1.000000 
2.173056 -0.484361 1.000000 
2.019952 -0.520352 1.000000 
2.756424 0.072784 1.000000 
1.747962 -1.055146 1.000000 
1.961564 -1.001218 1.000000 
2.109411 -0.651632 1.000000 
0.736357 -2.129549 1.000000 
1.300537 -1.470141 1.000000 
2.086795 -0.417687 1.000000 
1.873187 -1.217785 1.000000 
1.799879 -0.992048 1.000000 
2.048306 -1.161949 1.000000 
1.799704 -0.736031 1.000000 
2.182379 -1.177787 1.000000 
1.473811 -1.306450 1.000000 
0.900125 -1.879759 1.000000 
2.209755 -0.728567 1.000000 
1.510277 -1.283362 1.000000 
2.885216 0.199831 1.000000 
2.207847 -0.424678 1.000000 
0.832976 -2.323655 1.000000 
1.765945 -1.361205 1.000000 
0.601793 -2.052852 1.000000 
2.012750 -1.522886 1.000000 
2.391560 -0.258012 1.000000 
1.064336 -2.270130 1.000000 
0.968480 -1.589236 1.000000 
2.403301 -0.735100 1.000000 
1.021525 -1.940244 1.000000 
2.200516 -0.682746 1.000000 
2.206086 -0.834100 1.000000 
2.167271 -0.362592 1.000000 
1.907148 -1.205692 1.000000 
1.805196 -1.134446 1.000000 
1.835577 -0.481164 1.000000 
1.187059 -0.819996 1.000000 
1.550130 -1.494725 1.000000 
1.856571 -1.115372 1.000000 
1.095259 -1.331173 1.000000 
1.654361 -0.813981 1.000000 
2.468829 -0.591211 1.000000 
2.151498 -0.747364 1.000000 
2.660823 -0.173616 1.000000 
1.580943 -1.007666 1.000000 
1.059427 -1.760133 1.000000 
1.100420 -1.685755 1.000000 
1.814094 -0.388711 1.000000 
1.193231 -1.586576 1.000000 
1.620743 -1.306600 1.000000 
2.569899 -0.273412 1.000000 
1.726798 -1.562739 1.000000 
2.090989 -1.109223 1.000000 
1.617147 -1.098025 1.000000 
2.306936 -0.402985 1.000000 
1.824310 -1.366040 1.000000 
0.074950 -2.516010 1.000000 
0.320657 -2.273583 1.000000 
2.041155 -0.521391 1.000000 
2.315087 -0.952391 1.000000 
1.504177 -1.192432 1.000000 
2.780035 -0.140575 1.000000 
1.788938 -1.436472 1.000000 
2.222915 -0.291167 1.000000 
1.689682 -1.064896 1.000000 
2.341284 -0.483536 1.000000 
0.906486 -1.790777 1.000000 
1.611044 -1.437690 1.000000 
1.385549 -1.371152 1.000000 
1.294783 -1.623529 1.000000 
0.992118 -1.586514 1.000000 
2.640378 -0.713533 1.000000 
2.279905 -0.223016 1.000000 
2.881253 -0.090148 1.000000 
1.659011 -1.166869 1.000000 
1.443346 -0.761701 1.000000 
-0.496022 -3.386480 1.000000 
1.974963 -0.868992 1.000000 
2.040359 -1.010843 1.000000 
1.793956 -1.946336 1.000000 
0.746229 -2.116788 1.000000 
2.189029 -0.550650 1.000000 
0.654794 -2.182139 1.000000 
1.498333 -1.220756 1.000000 
2.075905 -0.673775 1.000000 
3.245529 0.213774 1.000000 
2.380159 -0.465270 1.000000 
2.094399 -1.001561 1.000000 
3.668154 0.405046 1.000000 
2.420254 -0.358568 1.000000 
1.648034 -1.265559 1.000000 
1.355631 -1.925597 1.000000 
2.646427 0.274140 1.000000 
1.005520 -1.744594 1.000000 
1.078019 -1.958170 1.000000 
1.084431 -1.870653 1.000000 
1.822895 -0.917159 1.000000 
1.721285 -0.938404 1.000000 
3.178193 0.373849 1.000000 
1.694847 -1.506353 1.000000 
2.462258 -0.122798 1.000000 
2.012183 -0.659442 1.000000 
2.370013 -0.350554 1.000000 
2.523729 -0.712706 1.000000 
1.929525 -1.168886 1.000000 
2.339826 -0.570167 1.000000 
2.565970 -0.507377 1.000000 
3.460421 0.913091 1.000000 
2.009570 -1.014000 1.000000 
2.222864 -1.246110 1.000000 
1.763367 -1.063533 1.000000 
2.949040 0.108156 1.000000 
3.047310 -0.023710 1.000000 
1.525703 -1.566335 1.000000 
2.072440 -0.266218 1.000000 
3.132357 0.270972 1.000000 
1.497232 -1.332156 1.000000 
1.256214 -1.347578 1.000000 
2.077547 -1.070949 1.000000 
1.933702 -0.918288 1.000000 
0.662838 -1.940231 1.000000 
3.353959 -0.030219 1.000000 
2.235083 -0.999296 1.000000 
0.591340 -2.175125 1.000000 
3.485348 1.024871 1.000000 
2.249794 -0.982131 1.000000 
1.142832 -1.871211 1.000000 
1.642787 -1.198557 1.000000 
1.923945 -0.802840 1.000000 
1.119032 -1.476514 1.000000 
1.485721 -0.692057 1.000000 
0.703854 -1.825574 1.000000 
2.551593 -0.274210 1.000000 
2.103040 -0.661379 1.000000 
1.649888 -1.280178 1.000000 
1.972867 -0.638815 1.000000 
1.085876 -2.181487 1.000000 
1.681269 -1.475638 1.000000 
2.454326 -0.728287 1.000000 
2.988841 0.005498 1.000000 
1.965386 -0.417049 1.000000 
0.751387 -1.626309 1.000000 
1.113787 -2.404404 1.000000 
2.026318 -0.989283 1.000000 
2.383592 -0.084018 1.000000 
1.247878 -1.968574 1.000000 
1.717603 -1.059682 1.000000 
1.427994 -1.795873 1.000000 
1.948306 -0.938293 1.000000 
1.875566 -1.203909 1.000000 
2.883114 -0.312583 1.000000 
1.964320 -0.690862 1.000000 
1.764589 -1.371565 1.000000 
1.712058 -0.916008 1.000000 
2.950035 0.358196 1.000000 
1.365295 -1.145357 1.000000 
1.779555 -0.731776 1.000000 
1.880948 -0.856713 1.000000 
2.432503 -0.369197 1.000000 
1.374726 -1.412806 1.000000 
3.004871 0.191235 1.000000 
2.422314 -0.911202 1.000000 
1.298468 -1.427683 1.000000 
0.455709 -2.073203 1.000000 
2.529695 -0.623682 1.000000 
2.022427 -0.702236 1.000000 
1.612808 -1.617631 1.000000 
2.647619 -0.199467 1.000000 
3.660267 0.909839 1.000000 
2.295306 -0.894139 1.000000 
2.283524 -0.530232 1.000000 
2.944784 -0.177552 1.000000 
1.819888 -1.431914 1.000000 
1.866168 -0.763220 1.000000 
2.058953 -1.359831 1.000000 
2.328628 -0.491447 1.000000 
1.040741 -1.902883 1.000000 
2.283311 -0.630065 1.000000 
1.580537 -1.027703 1.000000 
0.483009 -1.634908 1.000000 
1.455518 -1.103446 1.000000 
2.561159 -0.392470 1.000000 
2.162079 -0.865417 1.000000 
1.881076 0.316434 2.000000 
1.173233 -0.783056 2.000000 
1.821558 0.252666 2.000000 
-1.060698 -0.048271 2.000000 
0.664343 0.076157 2.000000 
1.171730 0.671130 2.000000 
-1.853610 -0.419227 2.000000 
-0.307368 -0.110478 2.000000 
0.475931 0.551685 2.000000 
-1.119736 0.181772 2.000000 
0.681795 0.308312 2.000000 
0.110483 0.209796 2.000000 
0.931541 -0.248811 2.000000 
-1.322111 -0.958813 2.000000 
-0.241187 -0.589644 2.000000 
0.257695 0.469903 2.000000 
0.253435 -0.038774 2.000000 
-0.228616 0.823743 2.000000 
0.085840 1.084432 2.000000 
-1.726224 0.129290 2.000000 
0.724588 0.206821 2.000000 
0.069696 0.653399 2.000000 
-1.093908 0.762769 2.000000 
-0.323200 -0.287521 2.000000 
1.271539 -0.086490 2.000000 
0.941738 -0.565944 2.000000 
1.034330 -0.099742 2.000000 
1.872992 0.779942 2.000000 
-0.526548 0.787104 2.000000 
0.537560 0.563060 2.000000 
2.185611 0.549246 2.000000 
-0.659391 -0.414695 2.000000 
-1.989918 -0.375785 2.000000 
-0.092366 -0.336157 2.000000 
-0.815434 -0.365449 2.000000 
0.676175 0.272990 2.000000 
-1.487848 0.904843 2.000000 
0.119398 0.565520 2.000000 
-0.925894 -0.643167 2.000000 
1.322381 0.203531 2.000000 
-1.891311 0.604995 2.000000 
0.532894 0.536072 2.000000 
0.992818 -0.412040 2.000000 
1.251324 0.177344 2.000000 
-1.175645 0.718157 2.000000 
0.898214 -0.463082 2.000000 
-0.582088 0.155880 2.000000 
0.036525 -0.260793 2.000000 
-0.040483 0.117348 2.000000 
-0.369229 -0.041253 2.000000 
-0.323547 0.354924 2.000000 
1.215491 -0.684918 2.000000 
1.072573 1.253310 2.000000 
-0.874012 0.685822 2.000000 
-1.629711 0.256359 2.000000 
-0.096919 -0.509033 2.000000 
0.197679 -0.934025 2.000000 
1.274330 0.371446 2.000000 
1.849118 -0.149603 2.000000 
1.802866 0.516207 2.000000 
-1.247655 -0.886698 2.000000 
0.413452 -0.388493 2.000000 
0.337211 0.025025 2.000000 
-0.361562 0.108966 2.000000 
0.506054 -0.177506 2.000000 
0.645916 0.222186 2.000000 
-0.103192 0.311197 2.000000 
-1.061482 0.082046 2.000000 
-0.507251 0.992778 2.000000 
0.010667 -0.071402 2.000000 
0.377020 0.689503 2.000000 
0.377137 -0.783861 2.000000 
0.467656 0.716920 2.000000 
-0.457028 0.531990 2.000000 
0.618073 0.107320 2.000000 
-0.864975 -0.180381 2.000000 
0.351300 0.233092 2.000000 
0.807757 0.321576 2.000000 
0.031241 -0.380626 2.000000 
0.974918 0.243412 2.000000 
-1.268994 0.512164 2.000000 
0.740753 0.360110 2.000000 
-0.963906 -0.147232 2.000000 
0.022945 0.106827 2.000000 
0.387265 -1.215667 2.000000 
-0.228584 -0.393594 2.000000 
0.869556 0.821165 2.000000 
-1.020914 0.318038 2.000000 
-1.573400 -0.415744 2.000000 
0.438234 -0.417217 2.000000 
2.349768 -0.352191 2.000000 
0.403612 0.268275 2.000000 
-0.858350 0.180582 2.000000 
-0.824944 0.074518 2.000000 
0.456137 0.266770 2.000000 
1.491148 0.350951 2.000000 
-0.583228 -0.653745 2.000000 
0.591995 0.508408 2.000000 
-0.877628 -0.294551 2.000000 
-0.347868 -0.478625 2.000000 
-0.769550 0.119665 2.000000 
0.084339 -0.056873 2.000000 
0.646630 -0.377234 2.000000 
-1.099771 -0.520946 2.000000 
-0.609645 0.433865 2.000000 
1.408525 0.362569 2.000000 
-0.796699 0.209436 2.000000 
0.885924 -0.111976 2.000000 
-0.004872 0.356464 2.000000 
0.534168 -0.094294 2.000000 
-1.124748 -0.805589 2.000000 
-0.669368 -0.336086 2.000000 
0.176047 -0.068191 2.000000 
0.749112 -0.125848 2.000000 
0.549738 -0.299791 2.000000 
-0.289901 0.232265 2.000000 
-0.865591 -0.512091 2.000000 
-0.692060 0.480501 2.000000 
1.154155 -0.498442 2.000000 
-0.176200 -0.656126 2.000000 
-0.960865 0.084429 2.000000 
0.218872 -0.619371 2.000000 
-0.662517 0.173993 2.000000 
0.167544 0.119914 2.000000 
1.273828 0.352918 2.000000 
-0.072543 -0.024698 2.000000 
0.599871 -0.147899 2.000000 
1.807650 0.468783 2.000000 
2.037410 0.188354 2.000000 
-0.264001 -0.112969 2.000000 
-0.687429 -1.023622 2.000000 
-0.199183 0.434175 2.000000 
-0.473502 -0.589449 2.000000 
1.794493 0.648318 2.000000 
0.610276 0.640370 2.000000 
0.784646 -0.501815 2.000000 
-0.357475 0.443764 2.000000 
-1.191167 0.332394 2.000000 
0.862470 0.561153 2.000000 
-0.265770 -0.106483 2.000000 
0.054092 -0.452835 2.000000 
0.843441 0.721938 2.000000 
0.544023 0.374569 2.000000 
1.019922 0.321089 2.000000 
-0.292994 0.230988 2.000000 
0.300904 0.278036 2.000000 
-0.113130 -0.425126 2.000000 
-2.375390 0.166508 2.000000 
0.370612 -0.134811 2.000000 
-0.721253 -0.302251 2.000000 
2.303258 0.549744 2.000000 
-0.266689 -0.068610 2.000000 
-1.257235 -0.459483 2.000000 
1.762324 0.391698 2.000000 
0.522217 0.420526 2.000000 
1.130240 0.310561 2.000000 
-0.663370 -0.153439 2.000000 
-0.531711 -0.098910 2.000000 
0.074422 0.224840 2.000000 
-0.961463 0.428213 2.000000 
-1.632015 -0.794047 2.000000 
2.253702 0.189610 2.000000 
-0.384867 -0.696985 2.000000 
0.228342 0.413490 2.000000 
-2.278423 -0.103478 2.000000 
-1.532758 0.005581 2.000000 
-1.231012 0.293734 2.000000 
1.068592 0.988764 2.000000 
0.370770 -0.135142 2.000000 
-0.372094 -1.395321 2.000000 
-0.468195 0.718392 2.000000 
0.655366 -0.148684 2.000000 
-0.934033 -0.412859 2.000000 
0.469654 -0.614717 2.000000 
-1.148503 -0.663543 2.000000 
-0.615968 -0.509208 2.000000 
0.711152 -0.046233 2.000000 
1.083331 0.049887 2.000000 
-0.991671 -0.121457 2.000000 
-0.371639 0.344343 2.000000 
-0.688100 -0.086069 2.000000 
-0.345847 0.828222 2.000000 
-0.883943 -0.109587 2.000000 
-0.766246 1.034873 2.000000 
-1.343782 -0.346082 2.000000 
-0.159747 -0.491631 2.000000 
-1.120610 -1.081256 2.000000 
-0.134984 -0.447364 2.000000 
-0.672900 -0.418222 2.000000 
0.343884 -0.851064 2.000000 
-0.165196 -0.393546 2.000000 
0.975193 -0.503896 2.000000 
0.343653 0.518731 2.000000 
-1.255975 0.251282 2.000000 
-0.086885 0.457923 2.000000 
-0.043485 -0.016305 2.000000 
-0.898265 -0.323918 2.000000 
0.645942 -0.106607 2.000000 
0.501633 1.170277 2.000000 
-1.363999 -0.031264 2.000000